date,county,state,fips,cases,newCases,deaths,newDeaths
2021-12-10,Unknown,Guam,,20272,20,268,0
2021-12-11,Unknown,Guam,,20272,0,268,0
2021-12-12,Unknown,Guam,,20272,0,268,0
2021-12-13,Unknown,Guam,,20272,0,268,0
2021-12-14,Unknown,Guam,,20272,0,268,0
2021-12-15,Unknown,Guam,,20317,45,270,2
2021-12-16,Unknown,Guam,,20326,9,271,1
2021-12-17,Unknown,Guam,,20326,0,271,0
2021-12-18,Unknown,Guam,,20326,0,271,0
2021-12-19,Unknown,Guam,,20341,15,271,0
2021-12-20,Unknown,Guam,,20359,18,271,0
2021-12-21,Unknown,Guam,,20359,0,271,0
2021-12-22,Unknown,Guam,,20383,24,271,0
2021-12-23,Unknown,Guam,,20396,13,271,0
2021-12-24,Unknown,Guam,,20396,0,271,0
2021-12-25,Unknown,Guam,,20396,0,271,0
2021-12-26,Unknown,Guam,,20396,0,271,0
2021-12-27,Unknown,Guam,,20427,31,271,0
2021-12-28,Unknown,Guam,,20427,0,271,0
2021-12-29,Unknown,Guam,,20470,43,271,0
2021-12-30,Unknown,Guam,,20535,65,271,0
2021-12-31,Unknown,Guam,,20576,41,271,0
2022-01-01,Unknown,Guam,,20576,0,271,0
2022-01-02,Unknown,Guam,,20576,0,271,0
2022-01-03,Unknown,Guam,,20576,0,271,0
2022-01-04,Unknown,Guam,,20576,0,271,0
2022-01-05,Unknown,Guam,,21057,481,274,3
2022-01-06,Unknown,Guam,,21320,263,274,0
2022-01-07,Unknown,Guam,,21563,243,275,1
2022-01-08,Unknown,Guam,,21563,0,275,0
2022-01-09,Unknown,Guam,,21563,0,275,0
2022-01-10,Unknown,Guam,,21563,0,275,0
2022-01-11,Unknown,Guam,,21563,0,275,0
2022-01-12,Unknown,Guam,,21563,0,275,0
2022-01-13,Unknown,Guam,,23448,1885,275,0
2022-01-14,Unknown,Guam,,23886,438,275,0
2022-01-15,Unknown,Guam,,23886,0,275,0
2022-01-16,Unknown,Guam,,24287,401,275,0
2022-01-17,Unknown,Guam,,24550,263,275,0
2022-01-18,Unknown,Guam,,24550,0,275,0
2022-01-19,Unknown,Guam,,26002,1452,277,2
2022-01-20,Unknown,Guam,,26726,724,277,0
2022-01-21,Unknown,Guam,,26726,0,277,0
2022-01-22,Unknown,Guam,,26726,0,277,0
2022-01-23,Unknown,Guam,,26726,0,277,0
2022-01-24,Unknown,Guam,,28838,2112,281,4
2022-01-25,Unknown,Guam,,28838,0,281,0
2022-01-26,Unknown,Guam,,30447,1609,284,3
2022-01-27,Unknown,Guam,,31190,743,285,1
2022-01-28,Unknown,Guam,,32007,817,286,1
2022-01-29,Unknown,Guam,,32007,0,286,0
2022-01-30,Unknown,Guam,,32773,766,286,0
2022-01-31,Unknown,Guam,,33300,527,291,5
2022-02-01,Unknown,Guam,,33300,0,291,0
2022-02-02,Unknown,Guam,,34757,1457,297,6
2022-02-03,Unknown,Guam,,34757,0,297,0
2022-02-04,Unknown,Guam,,34757,0,297,0
2022-02-05,Unknown,Guam,,34757,0,297,0
2022-02-06,Unknown,Guam,,37082,2325,297,0
2022-02-07,Unknown,Guam,,37581,499,299,2
2022-02-08,Unknown,Guam,,38425,844,300,1
2022-02-09,Unknown,Guam,,38425,0,300,0
2022-02-10,Unknown,Guam,,38425,0,300,0
2022-02-11,Unknown,Guam,,40264,1839,307,7
2022-02-12,Unknown,Guam,,40264,0,307,0
2022-02-13,Unknown,Guam,,40954,690,307,0
2022-02-14,Unknown,Guam,,41249,295,308,1
2022-02-15,Unknown,Guam,,41249,0,308,0
2022-02-16,Unknown,Guam,,41860,611,309,1
2022-02-17,Unknown,Guam,,41860,0,309,0
2022-02-18,Unknown,Guam,,41860,0,309,0
2022-02-19,Unknown,Guam,,43193,1333,317,8
2022-02-20,Unknown,Guam,,43513,320,317,0
2022-02-21,Unknown,Guam,,43787,274,318,1
2022-02-22,Unknown,Guam,,44180,393,319,1
2022-02-23,Unknown,Guam,,44180,0,319,0
2022-02-24,Unknown,Guam,,44180,0,319,0
2022-02-25,Unknown,Guam,,45080,900,323,4
2022-02-26,Unknown,Guam,,45080,0,323,0
2022-02-27,Unknown,Guam,,45313,233,323,0
2022-02-28,Unknown,Guam,,45542,229,329,6
2022-03-01,Unknown,Guam,,45542,0,329,0
2022-03-02,Unknown,Guam,,45542,0,329,0
2022-03-03,Unknown,Guam,,46210,668,332,3
2022-03-04,Unknown,Guam,,46210,0,332,0
2022-03-05,Unknown,Guam,,46314,104,332,0
2022-03-06,Unknown,Guam,,46511,197,332,0
2022-03-07,Unknown,Guam,,46511,0,332,0
2022-03-08,Unknown,Guam,,46806,295,335,3
2022-03-09,Unknown,Guam,,46969,163,336,1
2022-03-10,Unknown,Guam,,47092,123,338,2
2022-03-11,Unknown,Guam,,47212,120,338,0
2022-03-12,Unknown,Guam,,47212,0,338,0
2022-03-13,Unknown,Guam,,47300,88,338,0
2022-03-14,Unknown,Guam,,47380,80,339,1
2022-03-15,Unknown,Guam,,47497,117,340,1
2022-03-16,Unknown,Guam,,47562,65,340,0
2022-03-17,Unknown,Guam,,47619,57,342,2
